2
L S 
4
0.72 0 1 1 1 0 0 
0.08 0 1 1 1 0 1 
0.18 0 1 1 1 1 0 
0.02 0 1 1 1 1 1 



3
W S L 
8
8e-006 1 1 1 1 1 1 0 1 0 1 0 1 
0.000392 1 1 1 1 1 0 0 1 0 1 0 1 
0.000392 1 1 1 0 1 1 0 1 0 1 0 1 
0.019208 1 1 1 0 1 0 0 1 0 1 0 1 
0.000392 1 0 1 1 1 1 0 1 0 1 0 1 
0.019208 1 0 1 1 1 0 0 1 0 1 0 1 
0.019208 1 0 1 0 1 1 0 1 0 1 0 1 
0.941192 1 0 1 0 1 0 0 1 0 1 0 1 



2
S L 
5
0.8 0 1 0 0 0 0 
0.12 0 0 1 0 0 0 
0.03 0 0 1 1 0 0 
0.045 0 0 0 0 1 0 
0.005 0 0 0 0 1 1 



3
S L W 
8
0.016 0 0 1 1 0 0 0 0 0 0 0 0 
0.784 0 0 0 1 0 0 0 0 0 0 0 0 
0.12 0 0 0 0 1 0 0 0 0 0 0 0 
0.0006 0 0 0 0 1 0 1 1 0 0 0 0 
0.0294 0 0 0 0 1 0 0 1 0 0 0 0 
0.045 0 0 0 0 0 0 0 0 1 0 0 0 
0.0001 0 0 0 0 0 0 0 0 1 0 1 1 
0.0049 0 0 0 0 0 0 0 0 1 0 0 1 



2
S W 
2
0.75 0 0 1 0 0 0 
0.25 0 0 0 0 1 0 



1
S 
2
0.75 0 1 0 
0.25 0 0 1 



